0.1
RBC
3.20448905e-05  3.194734995e-05 3.173071354e-05 3.146929265e-05 3.122456093e-05 3.101050284e-05
Plasma
3.204158906e-05 3.194390342e-05 3.172721396e-05 3.146577369e-05 3.122104777e-05 3.100701445e-05

0.3
RBC
3.746803294e-05 3.739326584e-05 3.720005779e-05 3.694889471e-05 3.669173563e-05 3.642599051e-05
Plasma
3.746971773e-05 3.739496425e-05 3.720182542e-05 3.695073911e-05 3.669366762e-05 3.642793828e-05

0.5
RBC
4.630068064e-05 4.626535683e-05 4.616721842e-05 4.602603823e-05 4.589387168e-05 4.576125433e-05
Plasma
4.628104246e-05 4.624570874e-05 4.614757e-05 4.600639769e-05 4.587424277e-05 4.574162919e-05